# RK4, dt=0.001; x'=x(x-1)(x-3). Curves stop outside the plot window.
t x0 x1 x2 x3 x4 x5 x6
0 -0.2 0.1 0.5 1.7 2.5 2.9 3.1
0.02 -0.216116334 0.105337454 0.512466221 1.66965615 2.4618697 2.88841083 3.11398667
0.04 -0.233882009 0.110913919 0.524854964 1.6404981 2.42258845 2.87562338 3.1301341
0.06 -0.253531156 0.116735321 0.537151809 1.61251108 2.38233226 2.86154726 3.14884112
0.08 -0.275344644 0.122807244 0.549343 1.58567454 2.34128922 2.84609278 3.17060194
0.1 -0.299662681 0.129134872 0.561415483 1.55996324 2.29965518 2.82917276 3.19603674
0.12 -0.326901801 0.135722929 0.573356949 1.53534821 2.2576292 2.81070476 3.22593514
0.14 -0.357578174 0.142575625 0.585155866 1.51179766 2.21540916 2.79061348 3.2613196
0.16 -0.392340203 0.149696594 0.596801494 1.48927769 2.17318766 2.76883342 3.30354036
0.18 -0.432015117 0.157088835 0.608283909 1.46775295 2.13114836 2.74531174 3.35442243
0.2 -0.477677232 0.164754656 0.619594003 1.44718719 2.08946291 2.72001102 3.41650188
0.22 -0.530750857 0.172695611 0.630723492 1.42754373 2.04828861 2.69291206 3.4934236
0.24 -0.593170683 0.180912454 0.641664906 1.40878582 2.00776669 2.66401629 3.5906488
0.26 -0.667641781 0.189405079 0.652411583 1.39087696 1.96802126 2.63334788 3.71680422
0.28 -0.758081465 0.198172478 0.66295765 1.37378118 1.92915896 2.60095516 3.88649555
0.3 -0.870414907 0.207212698 0.673298008 1.35746322 1.89126906 2.56691135 4.12692388
0.32 -1.01411564 0.216522805 0.683428302 1.34188869 1.85442401 2.53131446 4.4963699
0.34 -1.20548324 0.22609885 0.693344902 1.32702416 1.81868041 2.49428626 nan
0.36 -1.47556973 0.235935856 0.703044867 1.31283731 1.78408013 2.45597031 nan
0.38 nan 0.246027794 0.712525917 1.29929694 1.75065167 2.41652921 nan
0.4 nan 0.256367588 0.7217864 1.28637302 1.71841157 2.37614109 nan
0.42 nan 0.266947112 0.730825254 1.27403672 1.68736586 2.33499549 nan
0.44 nan 0.277757212 0.739641976 1.26226039 1.65751147 2.29328904 nan
0.46 nan 0.288787723 0.748236585 1.25101758 1.62883757 2.2512209 nan
0.48 nan 0.30002751 0.756609583 1.24028302 1.60132689 2.20898842 nan
0.5 nan 0.311464509 0.764761925 1.23003257 1.57495679 2.16678304 nan
0.52 nan 0.323085785 0.772694979 1.22024321 1.54970041 2.12478678 nan
0.54 nan 0.33487759 0.780410495 1.21089303 1.52552752 2.08316925 nan
0.56 nan 0.346825439 0.787910571 1.20196113 1.50240537 2.04208541 nan
0.58 nan 0.358914188 0.795197618 1.19342765 1.48029939 2.00167391 nan
0.6 nan 0.371128117 0.802274334 1.18527368 1.45917381 1.96205625 nan
0.62 nan 0.383451027 0.80914367 1.17748125 1.43899213 1.9233364 nan
0.64 nan 0.39586633 0.815808803 1.17003327 1.41971761 1.88560101 nan
0.66 nan 0.40835715 0.822273108 1.1629135 1.40131358 1.84892008 nan
0.68 nan 0.420906421 0.828540137 1.1561065 1.38374371 1.81334787 nan
0.7 nan 0.433496992 0.834613587 1.14959761 1.36697232 1.77892414 nan
0.72 nan 0.446111719 0.840497287 1.1433729 1.35096447 1.74567548 nan
0.74 nan 0.45873357 0.846195169 1.13741913 1.33568617 1.71361674 nan
0.76 nan 0.471345713 0.851711253 1.13172373 1.32110443 1.68275247 nan
0.78 nan 0.483931609 0.857049627 1.12627473 1.30718739 1.65307834 nan
0.8 nan 0.496475095 0.862214431 1.12106079 1.29390433 1.62458247 nan
0.82 nan 0.508960461 0.867209841 1.1160711 1.2812257 1.59724669 nan
0.84 nan 0.521372523 0.872040056 1.11129541 1.26912317 1.57104767 nan
0.86 nan 0.533696687 0.876709283 1.10672397 1.25756958 1.54595796 nan
0.88 nan 0.545919003 0.881221726 1.10234751 1.24653897 1.52194691 nan
0.9 nan 0.558026216 0.885581577 1.09815719 1.23600653 1.49898144 nan
0.92 nan 0.570005804 0.889793004 1.09414464 1.2259486 1.47702678 nan
0.94 nan 0.581846012 0.893860145 1.09030187 1.2163426 1.45604699 nan
0.96 nan 0.593535876 0.897787095 1.0866213 1.20716706 1.43600554 nan
0.98 nan 0.605065241 0.901577905 1.08309569 1.19840151 1.41686566 nan
1 nan 0.616424769 0.905236573 1.07971816 1.19002647 1.39859072 nan
1.02 nan 0.627605943 0.908767039 1.07648217 1.18202344 1.38114448 nan
1.04 nan 0.638601065 0.912173178 1.07338147 1.17437481 1.36449134 nan
1.06 nan 0.649403247 0.915458803 1.07041013 1.16706385 1.34859653 nan
1.08 nan 0.660006395 0.918627651 1.06756248 1.16007464 1.33342618 nan
1.1 nan 0.670405194 0.92168339 1.06483313 1.15339208 1.31894748 nan
1.12 nan 0.680595082 0.92462961 1.06221692 1.14700181 1.30512873 nan
1.14 nan 0.690572227 0.927469825 1.05970897 1.14089019 1.29193939 nan
1.16 nan 0.700333498 0.930207468 1.05730459 1.13504425 1.27935011 nan
1.18 nan 0.709876432 0.932845893 1.05499933 1.12945168 1.26733272 nan
1.2 nan 0.719199202 0.935388373 1.05278892 1.12410078 1.25586025 nan
1.22 nan 0.728300586 0.937838098 1.05066931 1.11898041 1.24490691 nan
1.24 nan 0.737179924 0.940198176 1.04863662 1.11408003 1.23444807 nan
1.26 nan 0.745837094 0.942471634 1.04668716 1.10938956 1.22446025 nan
1.28 nan 0.754272464 0.944661417 1.04481738 1.10489947 1.21492103 nan
1.3 nan 0.762486865 0.946770389 1.04302392 1.10060067 1.20580908 nan
1.32 nan 0.770481552 0.948801332 1.04130356 1.09648452 1.1971041 nan
1.34 nan 0.778258173 0.950756949 1.03965321 1.0925428 1.18878677 nan
1.36 nan 0.785818728 0.952639866 1.03806994 1.08876769 1.18083871 nan
1.38 nan 0.793165545 0.954452628 1.03655094 1.08515175 1.17324245 nan
1.4 nan 0.800301244 0.956197704 1.03509351 1.08168791 1.16598138 nan
1.42 nan 0.807228707 0.95787749 1.03369509 1.07836941 1.15903973 nan
1.44 nan 0.813951051 0.959494304 1.03235322 1.07518985 1.15240249 nan
1.46 nan 0.820471597 0.961050396 1.03106555 1.0721431 1.14605543 nan
1.48 nan 0.826793849 0.96254794 1.02982984 1.06922334 1.139985 nan
1.5 nan 0.832921468 0.963989044 1.02864393 1.06642502 1.13417835 nan
1.52 nan 0.838858245 0.965375745 1.02750577 1.06374285 1.12862324 nan
1.54 nan 0.844608087 0.966710016 1.0264134 1.06117179 1.12330807 nan
1.56 nan 0.850174991 0.967993764 1.02536492 1.05870702 1.11822181 nan
1.58 nan 0.855563026 0.969228832 1.02435853 1.05634396 1.11335396 nan
1.6 nan 0.86077632 0.970417001 1.02339252 1.05407825 1.10869455 nan
1.62 nan 0.865819041 0.971559994 1.02246522 1.05190569 1.1042341 nan
1.64 nan 0.870695382 0.972659473 1.02157505 1.04982232 1.0999636 nan
1.66 nan 0.875409549 0.973717045 1.0207205 1.04782433 1.09587447 nan
1.68 nan 0.879965748 0.974734259 1.01990012 1.04590808 1.09195856 nan
1.7 nan 0.884368177 0.975712615 1.01911251 1.04407012 1.08820812 nan
1.72 nan 0.88862101 0.976653555 1.01835635 1.04230713 1.08461574 nan
1.74 nan 0.892728394 0.977558475 1.01763036 1.04061595 1.08117441 nan
1.76 nan 0.896694437 0.978428721 1.01693331 1.03899356 1.07787743 nan
1.78 nan 0.900523205 0.979265588 1.01626403 1.03743708 1.07471844 nan
1.8 nan 0.904218709 0.98007033 1.01562141 1.03594374 1.07169136 nan
1.82 nan 0.907784906 0.980844153 1.01500436 1.0345109 1.0687904 nan
1.84 nan 0.911225692 0.98158822 1.01441185 1.03313605 1.06601007 nan
1.86 nan 0.914544896 0.982303653 1.0138429 1.03181676 1.0633451 nan
1.88 nan 0.917746277 0.982991533 1.01329655 1.03055075 1.06079049 nan
1.9 nan 0.920833524 0.983652903 1.0127719 1.02933579 1.05834147 nan
1.92 nan 0.923810247 0.984288765 1.01226808 1.02816978 1.05599349 nan
1.94 nan 0.926679983 0.984900089 1.01178424 1.0270507 1.05374219 nan
1.96 nan 0.929446188 0.985487805 1.01131959 1.02597662 1.05158344 nan
1.98 nan 0.932112238 0.986052812 1.01087335 1.02494568 1.04951329 nan
2 nan 0.934681429 0.986595974 1.0104448 1.02395612 1.04752794 nan
2.02 nan 0.937156974 0.987118123 1.01003322 1.02300623 1.04562381 nan
2.04 nan 0.939542004 0.987620063 1.00963793 1.0220944 1.04379746 nan
2.06 nan 0.94183957 0.988102564 1.00925829 1.02121908 1.04204558 nan
2.08 nan 0.944052639 0.988566371 1.00889367 1.02037876 1.04036505 nan
2.1 nan 0.946184098 0.9890122 1.00854347 1.01957204 1.03875286 nan
2.12 nan 0.948236753 0.989440738 1.00820711 1.01879753 1.03720614 nan
2.14 nan 0.950213328 0.989852651 1.00788405 1.01805394 1.03572216 nan
2.16 nan 0.952116471 0.990248575 1.00757375 1.01734001 1.03429829 nan
2.18 nan 0.953948749 0.990629125 1.0072757 1.01665453 1.03293204 nan
2.2 nan 0.955712653 0.990994892 1.00698943 1.01599636 1.031621 nan
2.22 nan 0.9574106 0.991346447 1.00671446 1.01536439 1.03036288 nan
2.24 nan 0.959044929 0.991684334 1.00645034 1.01475756 1.0291555 nan
2.26 nan 0.960617909 0.992009083 1.00619664 1.01417487 1.02799675 nan
2.28 nan 0.962131736 0.992321199 1.00595294 1.01361533 1.02688463 nan
2.3 nan 0.963588535 0.99262117 1.00571886 1.01307803 1.02581722 nan
2.32 nan 0.964990365 0.992909465 1.00549401 1.01256205 1.02479268 nan
2.34 nan 0.966339215 0.993186535 1.00527802 1.01206655 1.02380925 nan
2.36 nan 0.967637011 0.993452814 1.00507054 1.0115907 1.02286525 nan
2.38 nan 0.968885614 0.99370872 1.00487124 1.01113372 1.02195907 nan
2.4 nan 0.970086822 0.993954655 1.00467979 1.01069486 1.02108916 nan
2.42 nan 0.971242375 0.994191003 1.00449589 1.01027337 1.02025404 nan
2.44 nan 0.972353951 0.994418138 1.00431922 1.00986858 1.0194523 nan
2.46 nan 0.973423173 0.994636416 1.00414951 1.00947981 1.01868257 nan
2.48 nan 0.974451606 0.99484618 1.00398648 1.00910643 1.01794357 nan
2.5 nan 0.975440763 0.995047762 1.00382987 1.00874781 1.01723403 nan
2.52 nan 0.976392104 0.995241477 1.00367943 1.00840337 1.01655278 nan
2.54 nan 0.977307037 0.995427633 1.0035349 1.00807255 1.01589866 nan
2.56 nan 0.97818692 0.995606523 1.00339606 1.00775481 1.01527058 nan
2.58 nan 0.979033065 0.995778428 1.00326268 1.00744961 1.01466749 nan
2.6 nan 0.979846735 0.995943621 1.00313455 1.00715647 1.01408837 nan
2.62 nan 0.980629151 0.996102363 1.00301146 1.0068749 1.01353227 nan
2.64 nan 0.981381488 0.996254904 1.00289321 1.00660445 1.01299826 nan
2.66 nan 0.982104879 0.996401486 1.00277961 1.00634467 1.01248545 nan
2.68 nan 0.982800416 0.996542341 1.00267047 1.00609514 1.01199299 nan
2.7 nan 0.983469154 0.996677692 1.00256563 1.00585545 1.01152006 nan
2.72 nan 0.984112105 0.996807753 1.0024649 1.00562521 1.01106588 nan
2.74 nan 0.984730248 0.99693273 1.00236814 1.00540405 1.0106297 nan
2.76 nan 0.985324524 0.997052822 1.00227518 1.00519161 1.0102108 nan
2.78 nan 0.985895841 0.997168218 1.00218587 1.00498754 1.00980848 nan
2.8 nan 0.986445073 0.997279102 1.00210007 1.00479151 1.00942209 nan
2.82 nan 0.986973062 0.997385651 1.00201764 1.0046032 1.00905099 nan
2.84 nan 0.987480617 0.997488032 1.00193845 1.00442231 1.00869457 nan
2.86 nan 0.98796852 0.997586408 1.00186237 1.00424854 1.00835224 nan
2.88 nan 0.988437521 0.997680936 1.00178928 1.00408161 1.00802344 nan
2.9 nan 0.988888345 0.997771767 1.00171907 1.00392126 1.00770763 nan
2.92 nan 0.989321688 0.997859043 1.0016516 1.00376722 1.0074043 nan
2.94 nan 0.989738219 0.997942905 1.00158679 1.00361924 1.00711295 nan
2.96 nan 0.990138586 0.998023485 1.00152453 1.00347708 1.0068331 nan
2.98 nan 0.990523407 0.998100911 1.00146471 1.00334051 1.0065643 nan
3 nan 0.990893282 0.998175308 1.00140723 1.00320932 1.0063061 nan
